[][571]set([163, 103, 139, 175, 151, 575, 127])
[][571]set([163, 103, 139, 175, 151, 575, 127])
[][571]set([163, 103, 139, 175, 151, 575, 127])
[][571]set([163, 103, 139, 175, 151, 575, 127])
[][571]set([163, 103, 139, 175, 151, 575, 127])
[][571]set([163, 103, 139, 175, 151, 575, 127])
[][571]set([163, 103, 139, 175, 151, 575, 127])
[][571]set([163, 103, 139, 175, 151, 575, 127])
[][]set([163, 103, 139, 175, 151, 575, 127])
[][571]set([163, 103, 139, 175, 151, 575, 127])
[][571]set([163, 103, 139, 175, 151, 575, 127])
[][571]set([163, 103, 139, 175, 151, 575, 127])
[][]set([163, 103, 139, 175, 151, 575, 127])
[][]set([163, 103, 139, 175, 151, 575, 127])
[][]set([163, 103, 139, 175, 151, 575, 127])
[][]set([163, 103, 139, 175, 151, 575, 127])
[][]set([163, 103, 139, 175, 151, 575, 127])
[][571]set([163, 103, 139, 175, 151, 575, 127])
[][]set([163, 103, 139, 175, 151, 575, 127])
[][]set([163, 103, 139, 175, 151, 575, 127])
[][]set([163, 103, 139, 175, 151, 575, 127])
[][571]set([163, 103, 139, 175, 151, 575, 127])
[][571]set([163, 103, 139, 175, 151, 575, 127])
[][571]set([163, 103, 139, 175, 151, 575, 127])
[][]set([163, 103, 139, 175, 151, 575, 127])
[][]set([163, 103, 139, 175, 151, 575, 127])
[][]set([163, 103, 139, 175, 151, 575, 127])
[][]set([163, 103, 139, 175, 151, 575, 127])
[][]set([163, 103, 139, 175, 151, 575, 127])
[][]set([163, 103, 139, 175, 151, 575, 127])
[][]set([163, 103, 139, 175, 151, 575, 127])
[][571]set([163, 103, 139, 175, 151, 575, 127])
[][571]set([163, 103, 139, 175, 151, 575, 127])
[][]set([163, 103, 139, 175, 151, 575, 127])
[][51, 571]set([163, 103, 139, 175, 151, 575, 127])
[][51, 571]set([163, 103, 139, 175, 151, 575, 127])
[][51, 571]set([163, 103, 139, 175, 151, 575, 127])
[][51, 571]set([163, 103, 139, 175, 151, 575, 127])
[][51, 571]set([163, 103, 139, 175, 151, 575, 127])
[][51, 571]set([163, 103, 139, 175, 151, 575, 127])
[][51, 571]set([163, 103, 139, 175, 151, 575, 127])
[][571]set([163, 103, 139, 175, 151, 575, 127])
[][571]set([163, 103, 139, 175, 151, 575, 127])
[][571]set([163, 103, 139, 175, 151, 575, 127])
[][51, 571]set([163, 103, 139, 175, 151, 575, 127])
[][571]set([163, 103, 139, 175, 151, 575, 127])
[][571]set([163, 103, 139, 175, 151, 575, 127])
[][571]set([163, 103, 139, 175, 151, 575, 127])
[][571]set([163, 103, 139, 175, 151, 575, 127])
[][51, 571]set([163, 103, 139, 175, 151, 575, 127])
[][51, 571]set([163, 103, 139, 175, 151, 575, 127])
[][571]set([163, 103, 139, 175, 151, 575, 127])
[][571]set([163, 103, 139, 175, 151, 575, 127])
[][]set([163, 103, 139, 175, 151, 575, 127])
[][]set([163, 103, 139, 175, 151, 575, 127])
[][]set([163, 103, 139, 175, 151, 575, 127])
[][571]set([163, 103, 139, 175, 151, 575, 127])
[][577]set([163, 103, 139, 175, 151, 575, 127])
